         5.000000
         5.416667
         5.833333
         6.250000
         6.666667
         7.083333
         7.500000
         7.916667
         8.333333
         8.750000
         9.166667
         9.583333
        10.000000
        10.416667
        10.833333
        11.250000
        11.666667
        12.083333
        12.500000
        12.916667
        13.333333
        13.750000
        14.166667
        14.583333
        15.000000
        15.416667
        15.833333
        16.250000
        16.666667
        17.083333
        17.500000
        17.916667
        18.333333
        18.750000
        19.166667
        19.583333
        20.000000
        20.416667
        20.833333
        21.250000
        21.666667
        22.083333
        22.500000
        22.916667
        23.333333
        23.750000
        24.166667
        24.583333
        25.000000
        25.416667
        25.833333
        26.250000
        26.666667
        27.083333
        27.500000
        27.916667
        28.333333
        28.750000
        29.166667
        29.583333
        30.000000
        30.416667
        30.833333
        31.250000
        31.666667
        32.083333
        32.500000
        32.916667
        33.333333
        33.750000
        34.166667
        34.583333
        35.000000
        35.416667
        35.833333
        36.250000
        36.666667
        37.083333
        37.500000
        37.916667
        38.333333
        38.750000
        39.166667
        39.583333
        40.000000
        40.416667
        40.833333
        41.250000
        41.666667
        42.083333
        42.500000
        42.916667
        43.333333
        43.750000
        44.166667
        44.583333
        45.000000
        45.416667
        45.833333
        46.250000
        46.666667
        47.083333
        47.500000
        47.916667
        48.333333
        48.750000
        49.166667
        49.583333
        50.000000
        50.416667
        50.833333
        51.250000
        51.666667
        52.083333
        52.500000
        52.916667
        53.333333
        53.750000
        54.166667
        54.583333
        55.000000
        55.416667
        55.833333
        56.250000
        56.666667
        57.083333
        57.500000
        57.916667
        58.333333
        58.750000
        59.166667
        59.583333
        60.000000
        60.416667
        60.833333
        61.250000
        61.666667
        62.083333
        62.500000
        62.916667
        63.333333
        63.750000
        64.166667
        64.583333
        65.000000
        65.416667
        65.833333
        66.250000
        66.666667
        67.083333
        67.500000
        67.916667
        68.333333
        68.750000
        69.166667
        69.583333
        70.000000
        70.416667
        70.833333
        71.250000
        71.666667
        72.083333
        72.500000
        72.916667
        73.333333
        73.750000
        74.166667
        74.583333
        75.000000
        75.416667
        75.833333
        76.250000
        76.666667
        77.083333
        77.500000
        77.916667
        78.333333
        78.750000
        79.166667
        79.583333
        80.000000
        80.416667
        80.833333
        81.250000
        81.666667
        82.083333
        82.500000
        82.916667
        83.333333
        83.750000
        84.166667
        84.583333
        85.000000
        85.416667
        85.833333
        86.250000
        86.666667
        87.083333
        87.500000
        87.916667
        88.333333
        88.750000
        89.166667
        89.583333
        90.000000
        90.416667
        90.833333
        91.250000
        91.666667
        92.083333
        92.500000
        92.916667
        93.333333
        93.750000
        94.166667
        94.583333
        95.000000
        95.416667
        95.833333
        96.250000
        96.666667
        97.083333
        97.500000
        97.916667
        98.333333
        98.750000
        99.166667
        99.583333
       100.000000
       100.416667
       100.833333
       101.250000
       101.666667
       102.083333
       102.500000
       102.916667
       103.333333
       103.750000
       104.166667
       104.583333
       105.000000
       105.416667
       105.833333
       106.250000
       106.666667
       107.083333
       107.500000
       107.916667
       108.333333
       108.750000
       109.166667
       109.583333
       110.000000
       110.416667
       110.833333
       111.250000
       111.666667
       112.083333
       112.500000
       112.916667
       113.333333
       113.750000
       114.166667
       114.583333
       115.000000
       115.416667
       115.833333
       116.250000
       116.666667
       117.083333
       117.500000
       117.916667
       118.333333
       118.750000
       119.166667
       119.583333
       120.000000
       120.416667
       120.833333
       121.250000
       121.666667
       122.083333
       122.500000
       122.916667
       123.333333
       123.750000
       124.166667
       124.583333
       125.000000
       125.416667
       125.833333
       126.250000
       126.666667
       127.083333
       127.500000
       127.916667
       128.333333
       128.750000
       129.166667
       129.583333
       130.000000
       130.416667
       130.833333
       131.250000
       131.666667
       132.083333
       132.500000
       132.916667
       133.333333
       133.750000
       134.166667
       134.583333
       135.000000
       135.416667
       135.833333
       136.250000
       136.666667
       137.083333
       137.500000
       137.916667
       138.333333
       138.750000
       139.166667
       139.583333
       140.000000
       140.416667
       140.833333
       141.250000
       141.666667
       142.083333
       142.500000
       142.916667
       143.333333
       143.750000
       144.166667
       144.583333
       145.000000
       145.416667
       145.833333
       146.250000
       146.666667
       147.083333
       147.500000
       147.916667
       148.333333
       148.750000
       149.166667
       149.583333
       150.000000
       150.416667
       150.833333
       151.250000
       151.666667
       152.083333
       152.500000
       152.916667
       153.333333
       153.750000
       154.166667
       154.583333
       155.000000
       155.416667
       155.833333
       156.250000
       156.666667
       157.083333
       157.500000
       157.916667
       158.333333
       158.750000
       159.166667
       159.583333
       160.000000
       160.416667
       160.833333
       161.250000
       161.666667
       162.083333
       162.500000
       162.916667
       163.333333
       163.750000
       164.166667
       164.583333
       165.000000
       165.416667
       165.833333
       166.250000
       166.666667
       167.083333
       167.500000
       167.916667
       168.333333
       168.750000
       169.166667
       169.583333
       170.000000
       170.416667
       170.833333
       171.250000
       171.666667
       172.083333
       172.500000
       172.916667
       173.333333
       173.750000
       174.166667
       174.583333
       175.000000
       175.416667
       175.833333
       176.250000
       176.666667
       177.083333
       177.500000
       177.916667
       178.333333
       178.750000
       179.166667
