       -86.000000
       -85.970829
       -85.941446
       -85.911849
       -85.882037
       -85.852008
       -85.821760
       -85.791291
       -85.760602
       -85.729688
       -85.698550
       -85.667185
       -85.635592
       -85.603768
       -85.571714
       -85.539426
       -85.506903
       -85.474143
       -85.441145
       -85.407907
       -85.374428
       -85.340704
       -85.306736
       -85.272520
       -85.238055
       -85.203340
       -85.168372
       -85.133150
       -85.097672
       -85.061935
       -85.025939
       -84.989681
       -84.953160
       -84.916373
       -84.879319
       -84.841995
       -84.804400
       -84.766531
       -84.728388
       -84.689967
       -84.651267
       -84.612286
       -84.573021
       -84.533472
       -84.493634
       -84.453508
       -84.413090
       -84.372378
       -84.331371
       -84.290066
       -84.248461
       -84.206554
       -84.164342
       -84.121824
       -84.078997
       -84.035860
       -83.992409
       -83.948643
       -83.904559
       -83.860155
       -83.815430
       -83.770379
       -83.725002
       -83.679295
       -83.633257
       -83.586885
       -83.540177
       -83.493130
       -83.445742
       -83.398010
       -83.349932
       -83.301505
       -83.252728
       -83.203597
       -83.154110
       -83.104264
       -83.054058
       -83.003487
       -82.952550
       -82.901244
       -82.849567
       -82.797515
       -82.745087
       -82.692278
       -82.639088
       -82.585513
       -82.531549
       -82.477196
       -82.422449
       -82.367306
       -82.311764
       -82.255820
       -82.199472
       -82.142716
       -82.085550
       -82.027971
       -81.969976
       -81.911561
       -81.852724
       -81.793463
       -81.733773
       -81.673652
       -81.613097
       -81.552104
       -81.490672
       -81.428796
       -81.366473
       -81.303701
       -81.240476
       -81.176795
       -81.112654
       -81.048051
       -80.982982
       -80.917445
       -80.851434
       -80.784949
       -80.717984
       -80.650537
       -80.582604
       -80.514182
       -80.445268
       -80.375858
       -80.305948
       -80.235535
       -80.164616
       -80.093187
       -80.021244
       -79.948784
       -79.875804
       -79.802299
       -79.728266
       -79.653702
       -79.578602
       -79.502963
       -79.426781
       -79.350053
       -79.272775
       -79.194942
       -79.116551
       -79.037599
       -78.958081
       -78.877993
       -78.797332
       -78.716093
       -78.634273
       -78.551867
       -78.468872
       -78.385284
       -78.301098
       -78.216310
       -78.130916
       -78.044913
       -77.958296
       -77.871060
       -77.783202
       -77.694717
       -77.605602
       -77.515851
       -77.425461
       -77.334426
       -77.242744
       -77.150409
       -77.057417
       -76.963764
       -76.869444
       -76.774455
       -76.678790
       -76.582447
       -76.485419
       -76.387703
       -76.289293
       -76.190186
       -76.090377
       -75.989860
       -75.888632
       -75.786688
       -75.684022
       -75.580630
       -75.476507
       -75.371649
       -75.266051
       -75.159707
       -75.052613
       -74.944764
       -74.836154
       -74.726780
       -74.616636
       -74.505717
       -74.394018
       -74.281533
       -74.168259
       -74.054189
       -73.939319
       -73.823643
       -73.707157
       -73.589854
       -73.471731
       -73.352781
       -73.232999
       -73.112380
       -72.990920
       -72.868611
       -72.745450
       -72.621430
       -72.496547
       -72.370794
       -72.244167
       -72.116660
       -71.988267
       -71.858984
       -71.728803
       -71.597721
       -71.465731
       -71.332828
       -71.199006
       -71.064260
       -70.928584
       -70.791971
       -70.654418
       -70.515917
       -70.376464
       -70.236052
       -70.094676
       -69.952330
       -69.809008
       -69.664705
       -69.519414
       -69.373130
       -69.225847
       -69.077559
       -68.928260
       -68.777945
       -68.626608
       -68.474242
       -68.320842
       -68.166402
       -68.010915
       -67.854377
       -67.696781
       -67.538120
       -67.378390
       -67.217585
       -67.055697
       -66.892721
       -66.728652
       -66.563483
       -66.397209
       -66.229822
       -66.061318
       -65.891690
       -65.720933
       -65.549040
       -65.376005
       -65.201822
       -65.026486
       -64.849990
       -64.672328
       -64.493495
       -64.313484
       -64.132289
       -63.949905
       -63.766326
       -63.581545
       -63.395556
       -63.208355
       -63.019934
       -62.830288
       -62.639412
       -62.447298
       -62.253942
       -62.059337
       -61.863478
       -61.666359
       -61.467975
       -61.268318
       -61.067385
       -60.865168
       -60.661663
       -60.456864
       -60.250765
       -60.043361
       -59.834646
       -59.624614
       -59.413260
       -59.200579
       -58.986566
       -58.771214
       -58.554519
       -58.336476
       -58.117079
       -57.896322
       -57.674202
       -57.450712
       -57.225849
       -56.999606
       -56.771979
       -56.542963
       -56.312553
       -56.080746
       -55.847534
       -55.612916
       -55.376885
       -55.139437
       -54.900568
       -54.660274
       -54.418550
       -54.175392
       -53.930796
       -53.684758
       -53.437274
       -53.188340
       -52.937953
       -52.686108
       -52.432803
       -52.178033
       -51.921796
       -51.664088
       -51.404905
       -51.144245
       -50.882105
       -50.618481
       -50.353372
       -50.086774
       -49.818684
       -49.549101
       -49.278022
       -49.005445
       -48.731368
       -48.455788
       -48.178705
       -47.900115
       -47.620019
       -47.338413
       -47.055298
       -46.770672
       -46.484533
       -46.196881
       -45.907716
       -45.617037
       -45.324842
       -45.031133
       -44.735909
       -44.439170
       -44.140916
       -43.841147
       -43.539865
       -43.237070
       -42.932763
       -42.626944
       -42.319616
       -42.010779
       -41.700436
       -41.388587
       -41.075236
       -40.760383
       -40.444033
       -40.126186
       -39.806846
       -39.486016
       -39.163699
       -38.839898
       -38.514617
       -38.187859
       -37.859629
       -37.529931
       -37.198770
       -36.866148
       -36.532073
       -36.196548
       -35.859579
       -35.521172
       -35.181332
       -34.840064
       -34.497376
       -34.153274
       -33.807764
       -33.460853
       -33.112548
       -32.762857
       -32.411787
       -32.059345
       -31.705541
       -31.350382
       -30.993876
       -30.636033
       -30.276862
       -29.916371
       -29.554570
       -29.191469
       -28.827078
       -28.461407
       -28.094467
       -27.726267
       -27.356820
       -26.986136
       -26.614227
       -26.241104
       -25.866780
       -25.491266
       -25.114575
       -24.736719
       -24.357712
       -23.977567
       -23.596296
       -23.213914
       -22.830434
       -22.445870
       -22.060238
       -21.673550
       -21.285823
       -20.897070
       -20.507308
       -20.116552
       -19.724817
       -19.332120
       -18.938476
       -18.543901
       -18.148413
       -17.752029
       -17.354764
       -16.956637
       -16.557664
       -16.157864
       -15.757253
       -15.355851
       -14.953675
       -14.550744
       -14.147076
       -13.742689
       -13.337604
       -12.931838
       -12.525411
       -12.118343
       -11.710653
       -11.302361
       -10.893486
       -10.484049
       -10.074070
        -9.663569
        -9.252567
        -8.841083
        -8.429140
        -8.016757
        -7.603956
        -7.190757
        -6.777182
        -6.363252
        -5.948988
        -5.534412
        -5.119545
        -4.704409
        -4.289024
        -3.873414
        -3.457600
        -3.041603
        -2.625446
        -2.209150
        -1.792738
        -1.376230
        -0.959650
        -0.543019
        -0.126360
         0.290306
         0.706957
         1.123571
         1.540125
         1.956597
         2.372967
         2.789211
         3.205307
         3.621235
         4.036971
         4.452495
         4.867784
         5.282817
         5.697573
         6.112028
         6.526163
         6.939956
         7.353386
         7.766431
         8.179070
         8.591282
         9.003047
         9.414344
         9.825151
        10.235449
        10.645217
        11.054436
        11.463083
        11.871141
        12.278589
        12.685407
        13.091576
        13.497076
        13.901889
        14.305995
        14.709376
        15.112012
        15.513886
        15.914978
        16.315272
        16.714749
        17.113391
        17.511181
        17.908101
        18.304135
        18.699266
        19.093476
        19.486750
        19.879070
        20.270422
        20.660789
        21.050156
        21.438506
        21.825826
        22.212101
        22.597314
        22.981453
        23.364503
        23.746449
        24.127279
        24.506978
        24.885534
        25.262933
        25.639162
        26.014209
        26.388063
        26.760709
        27.132138
        27.502336
        27.871294
        28.238999
        28.605441
        28.970610
        29.334495
        29.697085
        30.058372
        30.418344
        30.776994
        31.134312
        31.490289
        31.844916
        32.198185
        32.550088
        32.900616
        33.249763
        33.597520
        33.943881
        34.288838
        34.632384
        34.974514
        35.315220
        35.654498
        35.992340
        36.328741
        36.663696
        36.997200
        37.329247
        37.659834
        37.988955
        38.316606
        38.642783
        38.967482
        39.290699
        39.612432
        39.932676
        40.251429
        40.568687
        40.884449
        41.198711
        41.511471
        41.822728
        42.132478
        42.440722
        42.747456
        43.052680
        43.356392
        43.658592
        43.959279
        44.258451
        44.556109
        44.852253
        45.146881
        45.439994
        45.731592
        46.021676
        46.310245
        46.597301
        46.882845
        47.166877
        47.449398
        47.730409
        48.009913
        48.287909
        48.564401
        48.839389
        49.112876
        49.384863
        49.655353
        49.924348
        50.191851
        50.457863
        50.722387
        50.985427
        51.246984
        51.507062
        51.765665
        52.022794
        52.278453
        52.532646
        52.785376
        53.036647
        53.286462
        53.534825
        53.781739
        54.027209
        54.271239
        54.513832
        54.754993
        54.994726
        55.233035
        55.469925
        55.705400
        55.939464
        56.172123
        56.403380
        56.633240
        56.861709
        57.088791
        57.314491
        57.538813
        57.761763
        57.983346
        58.203567
        58.422431
        58.639943
        58.856109
        59.070933
        59.284422
        59.496580
        59.707413
        59.916926
        60.125125
        60.332015
        60.537602
        60.741891
        60.944888
        61.146599
        61.347029
        61.546185
        61.744071
        61.940693
        62.136058
        62.330171
        62.523037
        62.714663
        62.905055
        63.094218
        63.282158
        63.468882
        63.654394
        63.838702
        64.021810
        64.203726
        64.384454
        64.564000
        64.742372
        64.919574
        65.095613
        65.270495
        65.444225
        65.616810
        65.788256
        65.958568
        66.127753
        66.295817
        66.462765
        66.628604
        66.793339
        66.956977
        67.119524
        67.280985
        67.441367
        67.600676
        67.758917
        67.916096
        68.072220
        68.227294
        68.381324
        68.534316
        68.686277
        68.837211
        68.987126
        69.136026
        69.283918
        69.430807
        69.576699
        69.721601
        69.865517
        70.008455
        70.150418
        70.291414
        70.431448
        70.570526
        70.708653
        70.845836
        70.982079
        71.117389
        71.251771
        71.385230
        71.517774
        71.649406
        71.780132
        71.909959
        72.038892
        72.166935
        72.294095
        72.420378
        72.545788
        72.670330
        72.794012
        72.916837
        73.038811
        73.159940
        73.280229
        73.399682
        73.518306
        73.636106
        73.753087
        73.869254
        73.984612
        74.099167
        74.212923
        74.325886
        74.438061
        74.549452
        74.660066
        74.769907
        74.878979
        74.987289
        75.094840
        75.201639
        75.307689
        75.412995
        75.517563
        75.621398
        75.724503
        75.826885
        75.928547
        76.029495
        76.129732
        76.229265
        76.328097
        76.426233
        76.523678
        76.620436
        76.716512
        76.811910
        76.906635
        77.000692
        77.094085
        77.186818
        77.278895
        77.370322
        77.461102
        77.551241
        77.640741
        77.729608
        77.817846
        77.905458
        77.992450
        78.078825
        78.164588
        78.249743
        78.334293
        78.418244
        78.501598
        78.584361
        78.666535
        78.748126
        78.829137
        78.909573
        78.989436
        79.068731
        79.147462
        79.225632
        79.303247
        79.380308
        79.456821
        79.532789
        79.608215
        79.683104
        79.757458
        79.831283
        79.904581
        79.977356
        80.049612
        80.121352
        80.192581
        80.263300
        80.333514
        80.403227
        80.472442
        80.541162
        80.609391
        80.677132
        80.744389
        80.811165
        80.877463
        80.943287
        81.008640
        81.073525
        81.137946
        81.201905
        81.265406
        81.328453
        81.391048
        81.453195
        81.514896
        81.576155
        81.636975
        81.697359
        81.757309
        81.816830
        81.875925
        81.934595
        81.992844
        82.050675
        82.108092
        82.165096
        82.221691
        82.277880
        82.333665
        82.389050
        82.444036
        82.498628
        82.552828
        82.606638
        82.660062
        82.713102
        82.765760
        82.818040
        82.869944
        82.921475
        82.972635
        83.023428
        83.073855
        83.123919
        83.173624
        83.222970
        83.271962
        83.320601
        83.368890
        83.416831
        83.464428
        83.511681
        83.558595
        83.605170
        83.651411
        83.697318
        83.742895
        83.788143
        83.833066
        83.877665
        83.921942
        83.965901
        84.009542
        84.052870
        84.095885
        84.138590
        84.180987
        84.223078
        84.264866
        84.306353
        84.347541
        84.388432
        84.429027
        84.469330
        84.509343
        84.549067
        84.588504
        84.627657
        84.666527
        84.705117
        84.743428
        84.781463
        84.819224
        84.856712
        84.893930
        84.930879
        84.967561
        85.003978
        85.040133
        85.076027
        85.111661
        85.147038
        85.182160
        85.217029
        85.251645
        85.286012
        85.320130
        85.354002
        85.387629
        85.421014
        85.454157
        85.487061
        85.519727
        85.552157
        85.584353
        85.616317
        85.648049
        85.679553
        85.710828
        85.741878
        85.772703
        85.803306
        85.833687
        85.863849
        85.893793
        85.923520
        85.953032
        85.982332
